"Baggager","Baggage"
133,2483
133,1300
133,3122
133,2153
133,2787
133,2808
133,132
207,3795
207,3485
258,2055
691,1886
691,3098
866,190
866,3187
1059,2710
1886,1980
1886,2786
1886,2149
1886,2484
1934,3428
1934,2180
1934,1931
1934,2055
1934,2237
1980,691
1980,1886
1980,2851
1980,2206
1980,3098
2055,1934
2055,2237
2055,2180
2055,3428
2068,1300
2068,3455
2068,2550
2136,1371
2136,1584
2136,2484
2136,2880
2136,1372
2136,2149
2163,1125
2163,3274
2163,2710
2195,460
2288,3098
2288,2180
2288,2550
2288,2281
2288,2653
2288,1886
2484,2851
2484,1886
2484,2149
2484,3233
2484,691
2484,2263
2485,133
2485,132
2485,1928
2485,1612
2485,2787
2485,2550
2485,2483
2620,2710
2787,2055
2787,133
2787,3123
2787,2808
2787,2529
2787,2808
2787,3711
2787,3122
2794,3142
2924,3455
2924,1300
2924,2068
2967,2946
3066,190
3066,3187
3066,2572
3066,3448
3066,1627
3066,1727
3066,188
3136,2125
3136,3786
3136,3478
3138,3438
3138,2106
3138,3137
3138,3481
3138,2439
3138,3790
3138,3256
3138,1934
3142,2794
3156,2880
3164,3417
3164,3446
3164,3433
3164,2523
3164,3790
3164,2439
3164,3438
3167,3169
3169,3167
3229,1886
3256,3138
3274,143
3274,2163
3274,1125
3274,2710
3295,2639
3295,3787
3351,2182
3431,2620
3436,2439
3436,2106
3436,3138
3436,3446
3436,3481
3440,3138
3440,2523
3440,3790
3440,3446
3440,2439
3440,3481
3440,2106
3446,3138
3446,2106
3446,3784
3446,3137
3446,3440
3446,2439
3446,2523
3446,3438
3455,2924
3455,1300
3455,2550
3485,3795
3485,2182
3784,3446
3786,3136
3786,2125
3787,2639
3808,3819
3810,3801
3810,3809
3814,1870
3814,71
3815,3804
3815,2496
20,398
20,2862
20,2271
20,143
20,1619
20,188
20,598
20,2529
27,1886
27,2851
27,2206
27,3098
27,2484
27,1584
27,691
71,3066
71,2572
71,1886
71,2182
71,1627
132,1928
132,2550
132,2787
132,133
132,2068
132,1612
132,2485
143,2710
143,3274
143,2710
188,866
188,190
188,3187
190,3797
190,3505
190,3803
190,188
190,3187
190,2572
190,866
259,258
259,2055
285,188
440,866
440,2572
440,188
440,3187
440,190
460,2195
598,2182
726,1380
831,2619
881,285
1025,480
1125,2163
1125,2710
1125,2125
1300,1612
1300,2808
1300,2550
1300,132
1300,2068
1300,3455
1300,1928
1371,2484
1371,2149
1371,1584
1371,2136
1371,1372
1371,2880
1371,691
1372,2149
1372,2484
1372,2880
1372,2862
1372,1371
1372,1584
1372,2136
1570,3505
1570,20
1570,2125
1570,2710
1570,285
1570,2808
1584,2136
1584,1371
1584,1372
1584,2484
1584,2149
1584,2880
1612,2808
1612,3123
1612,2550
1612,132
1612,133
1612,2787
1619,71
1619,2182
1619,2786
1619,598
1619,2125
1627,866
1627,3066
1627,188
1627,2572
1727,2572
1727,1627
1727,866
1727,190
1727,3187
1727,3066
1870,71
1870,3814
1889,3137
1928,132
1928,3123
1928,2787
1928,133
1928,1612
1928,1300
1928,2808
1931,2237
1931,2180
1931,2055
1931,3428
1931,1934
1978,2440
2106,3440
2106,3446
2106,3138
2106,3790
2106,3438
2106,2439
2125,3136
2125,3786
2125,2787
2125,2808
2125,1934
2125,1931
2149,2484
2149,1886
2149,2263
2149,2851
2149,691
2149,3233
2153,133
2153,2483
2153,132
2153,1928
2153,1300
2153,2808
2153,2485
2180,1934
2180,3428
2180,2237
2180,2055
2180,1931
2182,3351
2182,598
2206,2484
2206,2149
2206,691
2206,3098
2206,1584
2206,1886
2206,2851
2237,1931
2237,1934
2237,2180
2237,2055
2237,3428
2263,2851
2263,2206
2263,1886
2263,691
2279,1059
2281,2653
2281,2288
2281,1886
2439,3417
2439,3164
2439,2523
2439,3481
2439,1318
2439,3440
2439,2106
2439,3446
2440,1978
2483,1928
2483,2550
2483,2808
2483,1612
2483,2485
2483,132
2483,133
2496,3815
2496,3804
2523,3438
2523,2106
2523,3436
2523,2263
2523,3481
2523,3440
2529,2808
2550,132
2550,1300
2550,3455
2550,2787
2550,2808
2550,133
2550,1612
2572,188
2572,1727
2572,3066
2572,1627
2572,190
2572,3187
2619,831
2627,3812
2627,3009
2653,2281
2653,2288
2710,1125
2710,143
2710,2786
2710,2125
2710,480
2710,2163
2786,1886
2786,1980
2804,3142
2808,3122
2808,3123
2808,2529
2808,132
2808,2055
2808,2787
2808,2787
2808,3711
2819,2710
2851,691
2851,1980
2851,1886
2851,2206
2851,2149
2851,2484
2851,3547
2880,2484
2880,1584
2880,2149
2880,1371
2880,1372
2880,691
2880,2136
2946,2967
3009,3797
3009,190
3009,3187
3009,2627
3009,3812
3009,3803
3098,27
3098,2263
3098,2851
3098,2206
3098,691
3098,1886
3110,3478
3122,2808
3122,3123
3122,3123
3122,3711
3122,2529
3122,2787
3123,3711
3123,2787
3123,2808
3123,2529
3123,2055
3123,2804
3123,132
3123,3122
3137,3138
3141,2819
3152,2819
3187,190
3187,3797
3187,3505
3187,3803
3187,188
3187,866
3187,2572
3233,2149
3233,2484
3414,3532
3417,2263
3417,3440
3417,2439
3417,2106
3417,3446
3417,3433
3417,3138
3420,3512
3420,1612
3428,1931
3428,1934
3428,2237
3428,2180
3428,2055
3428,2281
3428,2288
3429,3479
3438,3417
3438,2106
3438,3790
3438,3138
3448,3066
3448,188
3470,3256
3471,3256
3478,1318
3478,3136
3478,3110
3479,3429
3481,2106
3481,3138
3481,3440
3481,1934
3488,3686
3505,3803
3520,3547
3520,691
3520,27
3520,3098
3532,3414
3547,3098
3547,2206
3547,2851
3547,691
3547,27
3547,1980
3686,3488
3711,2787
3711,2808
3711,3123
3711,3122
3781,3351
3790,3417
3790,3138
3790,2439
3790,2106
3790,3446
3790,3436
3795,3485
3797,3187
3797,3009
3797,190
3801,3809
3801,3811
3801,3810
3803,3187
3803,190
3803,188
3804,2496
3804,3815
3809,3810
3809,3801
3809,3811
3811,3810
3811,3809
3811,3801
3812,3009
3813,3816
3813,3686
3816,2206
3816,2851
3816,3813
3816,3686
3819,3808
3820,3804
3820,2496
3820,3815
3821,3815
3821,2496
3821,3804
3821,3820
