"Baggager","Baggage","Weight"
34,74,1
34,99,1
34,69,1
34,141,1
34,14,1
34,50,1
34,85,1
25,2,1
27,13,1
27,57,1
5,79,1
5,132,1
13,40,1
13,56,1
13,68,1
13,30,1
7,118,1
7,108,1
7,101,1
7,2,1
7,142,1
40,27,1
40,13,1
40,91,1
40,117,1
40,57,1
2,7,1
2,142,1
2,108,1
2,118,1
33,99,1
33,23,1
33,90,1
4,116,1
4,71,1
4,30,1
4,80,1
4,95,1
4,68,1
21,84,1
21,32,1
21,55,1
6,57,1
6,108,1
6,90,1
6,73,1
6,131,1
6,13,1
30,91,1
30,13,1
30,68,1
30,110,1
30,27,1
30,75,1
31,34,1
31,85,1
31,72,1
31,102,1
31,14,1
31,90,1
31,74,1
14,2,1
14,34,1
14,59,1
14,50,1
14,51,1
14,50,1
14,134,1
14,69,1
46,23,1
46,99,1
46,33,1
15,79,1
15,132,1
15,89,1
15,130,1
15,60,1
15,58,1
15,98,1
35,82,1
35,45,1
35,126,1
20,96,1
20,65,1
20,120,1
20,62,1
20,145,1
20,37,1
20,7,1
12,19,1
19,12,1
43,13,1
37,20,1
32,48,1
32,21,1
32,84,1
32,55,1
16,10,1
16,8,1
41,105,1
47,62,1
47,65,1
47,20,1
47,28,1
47,120,1
3,20,1
3,121,1
3,145,1
3,28,1
3,62,1
3,120,1
3,65,1
28,20,1
28,65,1
28,1,1
28,3,1
28,62,1
28,121,1
28,96,1
23,46,1
23,99,1
23,90,1
17,119,1
17,105,1
1,28,1
45,35,1
45,82,1
8,10,1
39,103,1
39,63,1
22,70,1
22,97,1
44,143,1
44,124,1
66,29,1
66,18,1
66,88,1
66,48,1
66,52,1
66,98,1
66,64,1
66,51,1
104,13,1
104,91,1
104,117,1
104,57,1
104,30,1
104,71,1
104,27,1
97,15,1
97,89,1
97,13,1
97,105,1
97,60,1
85,72,1
85,90,1
85,14,1
85,34,1
85,33,1
85,102,1
85,31,1
48,55,1
48,32,1
48,55,1
98,5,1
98,79,1
98,132,1
79,128,1
79,53,1
79,83,1
79,98,1
79,132,1
79,89,1
79,5,1
49,25,1
49,2,1
78,98,1
129,5,1
129,89,1
129,98,1
129,132,1
129,79,1
64,105,1
84,21,1
84,55,1
84,82,1
99,102,1
99,50,1
99,90,1
99,85,1
99,33,1
99,23,1
99,72,1
116,30,1
116,68,1
116,71,1
116,4,1
116,95,1
116,80,1
116,27,1
95,68,1
95,30,1
95,80,1
95,18,1
95,116,1
95,71,1
95,4,1
71,4,1
71,116,1
71,95,1
71,30,1
71,68,1
71,80,1
102,50,1
102,59,1
102,90,1
102,85,1
102,34,1
102,14,1
52,97,1
52,105,1
52,56,1
52,64,1
52,82,1
60,5,1
60,15,1
60,98,1
60,89,1
58,89,1
58,60,1
58,5,1
58,79,1
58,132,1
58,15,1
70,97,1
70,22,1
72,85,1
72,59,1
72,14,1
72,34,1
72,102,1
72,99,1
72,50,1
101,142,1
101,108,1
101,2,1
101,118,1
101,7,1
65,3,1
65,28,1
65,20,1
65,145,1
65,96,1
65,62,1
82,35,1
82,45,1
82,14,1
82,50,1
82,7,1
82,101,1
68,30,1
68,13,1
68,75,1
68,91,1
68,27,1
68,110,1
141,34,1
141,74,1
141,85,1
141,72,1
141,99,1
141,50,1
141,31,1
108,7,1
108,118,1
108,142,1
108,2,1
108,101,1
105,41,1
105,64,1
117,30,1
117,68,1
117,27,1
117,57,1
117,71,1
117,13,1
117,91,1
142,101,1
142,7,1
142,108,1
142,2,1
142,118,1
75,91,1
75,117,1
75,13,1
75,27,1
73,131,1
73,6,1
73,13,1
62,115,1
62,121,1
62,120,1
62,3,1
62,65,1
62,28,1
74,72,1
74,90,1
74,50,1
74,102,1
74,31,1
74,85,1
74,34,1
124,44,1
124,143,1
121,96,1
121,65,1
121,47,1
121,75,1
121,120,1
121,3,1
51,50,1
90,85,1
90,99,1
90,23,1
90,14,1
90,50,1
90,34,1
90,102,1
89,98,1
89,58,1
89,15,1
89,60,1
89,79,1
89,132,1
100,144,1
100,148,1
131,73,1
131,6,1
55,84,1
55,48,1
55,56,1
55,82,1
55,21,1
56,13,1
56,40,1
50,69,1
50,59,1
50,51,1
50,85,1
50,2,1
50,14,1
50,14,1
50,134,1
91,27,1
91,40,1
91,13,1
91,117,1
91,68,1
91,30,1
91,87,1
80,30,1
80,71,1
80,68,1
80,116,1
80,95,1
80,27,1
80,4,1
148,128,1
148,79,1
148,132,1
148,100,1
148,144,1
148,83,1
57,104,1
57,75,1
57,91,1
57,117,1
57,27,1
57,13,1
107,126,1
69,50,1
69,59,1
69,59,1
69,134,1
69,51,1
69,14,1
59,134,1
59,14,1
59,50,1
59,51,1
59,2,1
59,85,1
59,69,1
132,79,1
132,128,1
132,53,1
132,83,1
132,98,1
132,5,1
132,89,1
110,68,1
110,30,1
94,133,1
115,75,1
115,3,1
115,62,1
115,65,1
115,28,1
115,147,1
115,20,1
118,101,1
118,7,1
118,142,1
118,108,1
118,2,1
118,73,1
118,6,1
96,115,1
96,65,1
96,145,1
96,20,1
130,15,1
130,98,1
126,35,1
126,107,1
120,65,1
120,20,1
120,3,1
120,7,1
135,138,1
53,83,1
140,87,1
140,27,1
140,104,1
140,57,1
133,94,1
87,57,1
87,117,1
87,91,1
87,27,1
87,104,1
87,40,1
138,135,1
134,14,1
134,50,1
134,59,1
134,69,1
145,115,1
145,20,1
145,62,1
145,65,1
145,28,1
145,47,1
119,17,1
128,132,1
128,148,1
128,79,1
103,63,1
103,114,1
103,39,1
83,132,1
83,79,1
83,98,1
143,124,1
143,44,1
63,39,1
63,103,1
63,114,1
114,39,1
114,63,1
114,103,1
144,148,1
137,138,1
86,86,1
9,9,1
24,24,1
109,109,1
106,106,1
111,111,1
139,139,1
29,29,1
38,38,1
113,113,1
125,125,1
147,147,1
11,11,1
42,42,1
67,67,1
81,81,1
136,136,1
92,92,1
112,112,1
123,123,1
127,127,1
10,10,1
61,61,1
76,76,1
88,88,1
122,122,1
146,146,1
26,26,1
36,36,1
77,77,1
18,18,1
54,54,1
93,93,1
