"Id","Power","Female"
1934,0.887807387859094,1.4609641786248
3274,-0.475923732049011,1.4609641786248
1619,1.77423261579936,-0.679854617775898
3505,1.70604605980396,-0.679854617775898
2786,1.56967294781315,-0.679854617775898
2263,0.751434275868284,-0.679854617775898
190,0.615061163877473,-0.679854617775898
906,0.342314939895852,-0.679854617775898
3547,0.342314939895852,-0.679854617775898
2851,0.205941827905042,-0.679854617775898
1300,-0.0668043960765792,-0.679854617775898
3110,-0.20317750806739,-0.679854617775898
3481,-0.680483400035227,-0.679854617775898
440,-0.885043068021442,-0.679854617775898
2153,-1.43053551598468,-0.679854617775898
3804,-1.49872207198009,-0.679854617775898
3440,1.56967294781315,1.4609641786248
2918,0.819620831863689,1.4609641786248
2787,0.342314939895852,1.4609641786248
723,-0.134990952071984,1.4609641786248
1980,-1.02141618001225,1.4609641786248
3123,1.43329983582234,-0.679854617775898
3809,1.22874016783612,-0.679854617775898
2106,1.09236705584531,-0.679854617775898
1372,0.137755271909637,-0.679854617775898
71,0.0695687159142313,-0.679854617775898
3173,-0.20317750806739,-0.679854617775898
1163,-0.20317750806739,-0.679854617775898
2810,-0.271364064062795,-0.679854617775898
3417,-0.407737176053605,-0.679854617775898
2653,-0.885043068021442,-0.679854617775898
3783,-1.29416240399387,-0.679854617775898
866,1.0241804998499,1.4609641786248
2136,1.0241804998499,1.4609641786248
1886,0.410501495891258,1.4609641786248
3485,0.205941827905042,1.4609641786248
398,-0.271364064062795,1.4609641786248
133,-0.544110288044416,1.4609641786248
3256,-0.612296844039821,1.4609641786248
3251,-0.885043068021442,1.4609641786248
3803,0.478688051886663,-0.679854617775898
2572,0.274128383900447,-0.679854617775898
2627,-0.0668043960765792,-0.679854617775898
3261,-0.407737176053605,-0.679854617775898
3448,-0.885043068021442,-0.679854617775898
155,-0.885043068021442,-0.679854617775898
3532,-1.08960273600766,-0.679854617775898
3686,-1.29416240399387,-0.679854617775898
3433,-1.90784140795252,-0.679854617775898
2055,1.63785950380855,1.4609641786248
130,0.615061163877473,1.4609641786248
3295,0.342314939895852,1.4609641786248
2485,-0.407737176053605,1.4609641786248
2068,-0.544110288044416,1.4609641786248
3810,-0.953229624016848,1.4609641786248
3802,-1.22597584799847,1.4609641786248
2994,1.09236705584531,-0.679854617775898
2149,1.09236705584531,-0.679854617775898
1928,0.819620831863689,-0.679854617775898
2728,0.546874607882068,-0.679854617775898
2125,0.478688051886663,-0.679854617775898
2550,0.274128383900447,-0.679854617775898
1931,-0.0668043960765792,-0.679854617775898
3233,-0.20317750806739,-0.679854617775898
3488,-1.29416240399387,-0.679854617775898
3496,-1.29416240399387,-0.679854617775898
2288,0.887807387859094,1.4609641786248
3455,-0.0668043960765792,1.4609641786248
258,-0.20317750806739,1.4609641786248
3446,-0.20317750806739,1.4609641786248
2924,-2.11240107593874,1.4609641786248
143,2.2515385077672,-0.679854617775898
259,2.18335195177179,-0.679854617775898
2808,2.04697883978098,-0.679854617775898
2439,1.29692672383153,-0.679854617775898
3122,1.0241804998499,-0.679854617775898
2483,0.819620831863689,-0.679854617775898
3628,0.205941827905042,-0.679854617775898
1703,-0.271364064062795,-0.679854617775898
3780,-0.748669956030632,-0.679854617775898
3798,-0.885043068021442,-0.679854617775898
3813,-1.29416240399387,-0.679854617775898
3520,-1.36234895998928,-0.679854617775898
3009,-1.90784140795252,-0.679854617775898
2639,0.615061163877473,1.4609641786248
3351,-1.02141618001225,1.4609641786248
3229,-1.36234895998928,1.4609641786248
3815,-1.49872207198009,1.4609641786248
3786,-1.97602796394793,1.4609641786248
3436,-2.38514729992036,1.4609641786248
3807,1.36511327982693,-0.679854617775898
1870,0.9559939438545,-0.679854617775898
3599,0.683247719872879,-0.679854617775898
2271,0.342314939895852,-0.679854617775898
3438,0.137755271909637,-0.679854617775898
1927,-0.748669956030632,-0.679854617775898
2496,-0.885043068021442,-0.679854617775898
3812,-1.49872207198009,-0.679854617775898
2237,-1.49872207198009,-0.679854617775898
3790,-1.70328173996631,-0.679854617775898
3784,1.77423261579936,1.4609641786248
3787,0.819620831863689,1.4609641786248
3066,0.342314939895852,1.4609641786248
3169,0.205941827905042,1.4609641786248
3136,-0.544110288044416,1.4609641786248
2710,1.56967294781315,-0.679854617775898
1727,1.43329983582234,-0.679854617775898
3098,1.43329983582234,-0.679854617775898
1627,1.36511327982693,-0.679854617775898
2281,0.819620831863689,-0.679854617775898
2880,0.546874607882068,-0.679854617775898
132,0.410501495891258,-0.679854617775898
2180,-0.20317750806739,-0.679854617775898
3428,-0.612296844039821,-0.679854617775898
3478,-0.885043068021442,-0.679854617775898
3473,-1.90784140795252,-0.679854617775898
3138,0.137755271909637,1.4609641786248
691,-0.20317750806739,1.4609641786248
3409,-0.20317750806739,1.4609641786248
3444,-0.612296844039821,1.4609641786248
2529,1.84241917179477,-0.679854617775898
598,1.09236705584531,-0.679854617775898
20,1.09236705584531,-0.679854617775898
126,0.615061163877473,-0.679854617775898
1125,0.410501495891258,-0.679854617775898
188,0.0695687159142313,-0.679854617775898
1612,-0.0668043960765792,-0.679854617775898
3801,-0.134990952071984,-0.679854617775898
2182,-0.20317750806739,-0.679854617775898
3811,-0.407737176053605,-0.679854617775898
3797,-0.885043068021442,-0.679854617775898
3711,-1.22597584799847,-0.679854617775898
3167,0.410501495891258,1.4609641786248
2862,0.205941827905042,1.4609641786248
2163,0.137755271909637,1.4609641786248
3814,0.00138215991882602,1.4609641786248
2484,-0.3395506200582,1.4609641786248
3512,1.56967294781315,-0.679854617775898
1584,0.887807387859094,-0.679854617775898
285,0.615061163877473,-0.679854617775898
435,0.205941827905042,-0.679854617775898
3414,0.137755271909637,-0.679854617775898
27,-0.134990952071984,-0.679854617775898
1371,-0.475923732049011,-0.679854617775898
2206,-0.544110288044416,-0.679854617775898
3795,-0.680483400035227,-0.679854617775898
2523,-0.748669956030632,-0.679854617775898
3187,-1.02141618001225,-0.679854617775898
